OSCAR 7 (AO-7)
1 07530U 74089B   26162.65147906 -.00000028  00000+0  11383-3 0  9997
2 07530 101.9901 175.8403 0012513 140.4231 346.6371 12.53697989359829
PHASE 3B (AO-10)
1 14129U 83058B   26158.17238870 -.00000194  00000+0  00000+0 0  9992
2 14129  25.9048 221.2242 6014266 112.9115 319.2048  2.05872980295281
UOSAT 2 (UO-11)
1 14781U 84021B   26162.71749374  .00001229  00000+0  13072-3 0  9994
2 14781  97.8055 128.3534 0007126 190.9158 169.1907 14.90769946256317
LUSAT (LO-19)
1 20442U 90005G   26162.53069412  .00000105  00000+0  54261-4 0  9990
2 20442  98.8852 184.1803 0010820 218.5501 141.4911 14.34121495901580
EYESAT A (AO-27)
1 22825U 93061C   26162.68565860  .00000075  00000+0  45342-4 0  9992
2 22825  98.6880 230.1011 0009459 113.9652 246.2522 14.30940798706216
ITAMSAT (IO-26)
1 22826U 93061D   26162.66671201  .00000077  00000+0  45822-4 0  9993
2 22826  98.6828 229.9990 0010074  99.3506 260.8816 14.31367535706526
RADIO ROSTO (RS15)
1 23439U 94085A   26162.79463575 -.00000048  00000+0 -15052-3 0  9999
2 23439  64.8187 311.9375 0155781   4.8739 355.3660 11.27583609295291
JAS-2 (FO-29)
1 24278U 96046B   26162.54420303  .00000014  00000+0  46335-4 0  9995
2 24278  98.5245  12.1894 0350827 111.0367 252.8667 13.53273928472403
TECHSAT 1B (GO-32)
1 25397U 98043D   26162.58543429  .00000048  00000+0  41012-4 0  9990
2 25397  99.0065 155.2028 0000734 176.4907 183.6276 14.24427354450534
ISS (ZARYA)
1 25544U 98067A   26162.83551936  .00007284  00000+0  13937-3 0  9993
2 25544  51.6334 326.5798 0004934 175.2433 184.8603 15.49179015570924
PCSAT (NO-44)
1 26931U 01043C   26162.64152601  .00000072  00000+0  57659-4 0  9995
2 26931  67.0509 258.6152 0006100 264.4327  95.6080 14.31954152289657
SAUDISAT 1C (SO-50)
1 27607U 02058C   26162.55839360  .00000916  00000+0  12536-3 0  9998
2 27607  64.5506 146.4007 0075403 263.5157  95.7360 14.83034770263626
CUTE-1 (CO-55)
1 27844U 03031E   26162.55782411  .00000255  00000+0  12921-3 0  9991
2 27844  98.6735 171.1873 0009139 194.6488 165.4428 14.24332340190876
CUBESAT XI-IV (CO-57)
1 27848U 03031J   26162.54345883  .00000221  00000+0  11637-3 0  9998
2 27848  98.6768 170.8906 0008681 214.5229 145.5386 14.23617902190573
MOZHAETS 4 (RS22)
1 27939U 03042A   26162.85688567  .00001166  00000+0  18781-3 0  9990
2 27939  98.3473 347.0658 0010045 288.8379 182.7006 14.73459418214764
CUBESAT XI-V
1 28895U 05043F   26162.69508378  .00001243  00000+0  20337-3 0  9994
2 28895  98.2978 318.2017 0013309 218.8930 141.1320 14.72616955100948
CUTE-1.7+APD II (CO-65)
1 32785U 08021C   26162.87915317  .00004765  00000+0  30197-3 0  9998
2 32785  97.8271 144.1871 0010285  55.0183 305.2009 15.09404107984398
SEEDS II (CO-66)
1 32791U 08021J   26162.25964503  .00015274  00000+0  48820-3 0  9997
2 32791  97.7517 159.8749 0001967  23.1856 336.9473 15.32546772986382
YUBILEINY (RS30)
1 32953U 08025A   26162.86738984 -.00000003  00000+0 -93499-4 0  9999
2 32953  82.5050 358.7505 0019066 325.8599  34.1253 12.43178812819036
KKS-1 (KISEKI)
1 33499U 09002H   26162.79181618  .00001114  00000+0  14358-3 0  9997
2 33499  98.1193  85.1485 0006825 316.4585  43.6089 14.83110189935390
SWISSCUBE
1 35932U 09051B   26162.21632552  .00000804  00000+0  16844-3 0  9997
2 35932  98.4041  70.0006 0005629 224.4191 135.6559 14.62470076888283
BEESAT-1
1 35933U 09051C   26162.70183135  .00000710  00000+0  15245-3 0  9990
2 35933  98.3970  70.1415 0003979 238.6332 121.4479 14.61711768888389
ITUPSAT1
1 35935U 09051E   26162.20832686  .00000614  00000+0  13683-3 0  9996
2 35935  98.4055  68.8386 0006132 256.4621 103.5895 14.60431670887865
XIWANG-1 (HOPE-1)
1 36122U 09072B   26162.84794473  .00000142  00000+0  48878-3 0  9999
2 36122 100.4019 116.7650 0006819 244.7069 115.3338 13.16439429792300
O/OREOS (USA 219)
1 37224U 10062C   26162.50369234  .00002078  00000+0  20189-3 0  9995
2 37224  71.9708  93.2127 0012428  75.4673 284.7875 14.93720190115795
JUGNU
1 37839U 11058B   26161.86742604  .00000399  00000+0  68784-4 0  9995
2 37839  19.9621 346.8221 0018563   6.6957  22.8320 14.13775053758139
SRMSAT
1 37841U 11058D   26162.51581192  .00000355  00000+0  48954-4 0  9993
2 37841  19.9715  93.7945 0011909 141.4141  27.1536 14.11574372757019
STRAND-1
1 39090U 13009E   26162.48626012  .00000258  00000+0  10129-3 0  9990
2 39090  98.3921 342.8611 0007504 244.6927 115.3483 14.37160014696249
ZACUBE-1 (TSHEPISOSAT)
1 39417U 13066B   26162.80818086  .00003114  00000+0  24384-3 0  9998
2 39417  97.8084 125.1158 0040240 266.5236  93.1385 15.01156095679920
GOMX-1
1 39430U 13066Q   26162.80655015  .00002336  00000+0  35370-3 0  9996
2 39430  97.6494   3.6098 0130200  94.6175 266.9916 14.69441735669121
CUBEBUG-2 (LO-74)
1 39440U 13066AA  26162.77121377  .00003584  00000+0  33291-3 0  9998
2 39440  97.8899 111.7263 0058871  46.5267 314.0826 14.93717789676180
FUNCUBE-1 (AO-73)
1 39444U 13066AE  26162.55441071  .00005554  00000+0  34659-3 0  9992
2 39444  97.8262 133.8824 0035145 220.5848 139.2760 15.09420112678819
UWE-3
1 39446U 13066AG  26162.40047068  .00003579  00000+0  30929-3 0  9997
2 39446  97.8684 118.4353 0048487 340.4805  19.4558 14.96977019676712
UNISAT-6
1 40012U 14033C   26162.41830894  .00002346  00000+0  25525-3 0  9998
2 40012  97.7868 315.2326 0046407  87.7879 272.8650 14.88214275645303
DUCHIFAT-1
1 40021U 14033M   26162.64748508  .00098680  00000+0  10582-2 0  9995
2 40021  98.0478 221.0346 0003968 124.0330 236.1304 15.63483889654887
QB50P1
1 40025U 14033R   26162.54789999  .00007133  00000+0  35252-3 0  9992
2 40025  98.0966 173.2986 0007302 237.3952 122.6576 15.18175616652171
LILACSAT-2
1 40908U 15049K   26162.85412267  .00016370  00000+0  28065-3 0  9992
2 40908  97.4658 199.4931 0005266 270.7018  89.3630 15.51269609594924
FOX-1A (AO-85)
1 40967U 15058D   26162.71824683  .00002264  00000+0  20997-3 0  9994
2 40967  64.7758 295.9784 0130128  58.7261 302.6519 14.90943463112758
CAS-2T & KS-1Q
1 41847U 16066G   26162.69969390  .00001523  00000+0  22073-3 0  9998
2 41847  98.3821 238.4986 0342615 146.0770 216.2856 14.44676189504002
RADFXSAT (FOX-1B)
1 43017U 17073E   26162.58534500  .00008698  00000+0  38005-3 0  9999
2 43017  97.4718  29.9151 0150450 348.6412  11.1435 15.12626564464549
DIWATA-2B
1 43678U 18084H   26162.83481030  .00002667  00000+0  21701-3 0  9997
2 43678  98.1180 358.8112 0012215 187.4845 172.6197 15.00428066415413
ES'HAIL 2
1 43700U 18090A   26162.62828442  .00000161  00000+0  00000+0 0  9991
2 43700   0.0167 320.3790 0001431 157.1033  34.4948  1.00269967 27622
FOX-1CLIFF (AO-95)
1 43770U 18099N   26162.11310128  .00010727  00000+0  41211-3 0  9990
2 43770  97.4393 222.3819 0008613  20.0469 340.1107 15.26583130412292
ITASAT
1 43786U 18099AE  26162.68590565  .00006612  00000+0  31860-3 0  9991
2 43786  97.4034 214.3073 0012715  19.6048 340.5673 15.18988570412075
JY1SAT (JO-97)
1 43803U 18099AX  26162.41903211  .00013576  00000+0  42176-3 0  9997
2 43803  97.4135 225.2337 0004121 290.5933  69.4867 15.33467542412740
UWE-4
1 43880U 18111E   26162.77811529  .00033079  00000+0  68244-3 0  9990
2 43880  97.5852  90.9210 0006520   5.5235 354.6084 15.45791225409942
TIANYAN 01
1 44881U 19093C   26162.86166634  .00000118  00000+0  19364-4 0  9990
2 44881  97.7532 235.2236 0014977 102.4587 257.8305 14.86508603350625
RS-44 & BREEZE-KM R/B
1 44909U 19096E   26162.61066808  .00000028  00000+0  60927-4 0  9990
2 44909  82.5217 343.4113 0217927 157.1662 203.9312 12.79748751301632
SALSAT
1 46495U 20068K   26162.58556220  .00006923  00000+0  24314-3 0  9990
2 46495  97.8849 165.3093 0008526 331.4069  28.6701 15.29719030314503
XW-3 (CAS-9)
1 50466U 21131B   26162.84816355  .00000475  00000+0  16045-3 0  9990
2 50466  98.4973 255.2667 0005293 108.7025 251.4738 14.41352794234344
GREENCUBE (IO-117)
1 53109U 22080E   26152.46502029 -.00000003  00000+0  00000+0 0  9996
2 53109  70.1435 303.7143 0008869 293.3663  66.6064  6.42583280 91055
UMKA 1 (RS40S)
1 57172U 23091G   26162.69853169  .00005909  00000+0  27090-3 0  9994
2 57172  97.5058 221.4167 0014017 134.8199 225.4178 15.20754474163175
CUBESX-HSE 3 (RS42S)
1 57178U 23091N   26162.81494950  .00012161  00000+0  40659-3 0  9997
2 57178  97.5100 228.3344 0012136 111.1645 249.0893 15.31077206163603
MONITOR-3 (RS58S)
1 57180U 23091Q   26162.69663530  .00009662  00000+0  35845-3 0  9991
2 57180  97.5092 226.1025 0013114 117.6783 242.5789 15.27730668163457
MONITOR-4 (RS57S)
1 57182U 23091S   26162.80699061  .00009050  00000+0  33500-3 0  9991
2 57182  97.5085 226.1846 0013096 117.6601 242.5969 15.27822164163475
MONITOR-2 (RS39S)
1 57184U 23091U   26162.84468220  .00004773  00000+0  23191-3 0  9990
2 57184  97.5079 221.1618 0012565 127.3940 232.8440 15.18860112163141
SVYATOBOR 1 (RS60S)
1 57187U 23091X   26162.81548801  .00008029  00000+0  30971-3 0  9996
2 57187  97.5097 226.6027 0010913 110.4724 249.7687 15.26522202163498
VIZARD-METEO (RS38S)
1 57189U 23091Z   26162.80543860  .00015937  00000+0  45823-3 0  9995
2 57189  97.5099 232.1829 0008561  93.8965 266.3257 15.35853733163866
POLYTECH-UNIVERSE 3 (R*)
1 57191U 23091AB  26162.80671722  .00004325  00000+0  20891-3 0  9994
2 57191  97.5055 220.6288 0016546 143.9659 216.2695 15.19061038163132
UTMN 2 (RS27S)
1 57203U 23091AP  26162.83547757  .00011562  00000+0  37708-3 0  9997
2 57203  97.5095 229.9825 0009469  99.6411 260.5900 15.31919142163726
KUZGTU 1 (RS47S)
1 57217U 23091AV  26162.80131549  .00011481  00000+0  40017-3 0  9994
2 57217  97.5072 227.2266 0012342 114.6062 245.6466 15.29737287163557
SONATE-2
1 59112U 24043Q   26162.68083809  .00036244  00000+0  47794-3 0  9992
2 59112  97.5519 312.7414 0006785 214.2461 145.8357 15.58306667127037
MESAT1
1 60209U 24125G   26162.60005230  .00050616  00000+0  56470-3 0  9996
2 60209  97.2312  19.9579 0009060 224.7831 135.2697 15.62604296108693
OOV-CUBE (TUBSAT-30)
1 60240U 24128F   26162.59923854  .00001977  00000+0  15980-3 0  9990
2 60240  61.9950 245.0577 0045327 132.4986 227.9949 15.02751187105272
COLIBRI-S (RS67S)
1 61746U 24199M   26162.88920605  .00019611  00000+0  38283-3 0  9998
2 61746  97.3008  36.6963 0006339 304.5967  55.4685 15.47505263136596
HORS 3 (RS81S)
1 61753U 24199U   26162.81200848  .00033588  00000+0  50838-3 0  9998
2 61753  97.2993  38.5475 0003889 311.5761  48.5159 15.54599607136729
HORS 4 (RS82S)
1 61754U 24199V   26162.85278035  .00043893  00000+0  55961-3 0  9998
2 61754  97.2940  39.7566 0002989 294.9072  65.1874 15.59186605136819
ARCTICSAT 1 (RS74S)
1 61762U 24199AD  26162.69842706  .01941667  23574-5  12051-2 0  9997
2 61762  97.2839  46.6254 0009584 214.2159 145.8513 16.17858075137241
SIT-2086
1 61764U 24199AF  26162.78372133  .00032834  00000+0  53201-3 0  9993
2 61764  97.2949  39.0140 0004354 281.2285  78.8478 15.52714438133590
HYPERVIEW 1G (RS66S)
1 61772U 24199AP  26162.85331163  .00120653  00000+0  82449-3 0  9991
2 61772  97.2894  42.3086 0002612 249.1519 110.9466 15.74440956133839
ALTAIR (RS65S)
1 61779U 24199AW  26162.70829289  .00010658  00000+0  29671-3 0  9994
2 61779  97.3045  32.0959 0011621 333.1908  26.8735 15.36924702136275
ASRTU-1 (AO-123)
1 61781U 24199AY  26162.88690534  .00006895  00000+0  20107-3 0  9998
2 61781  97.3015  31.6060 0012833 334.9444  25.1175 15.35599579133112
SAMSAT-IONOSPHERE (RS7*)
1 61784U 24199BB  26162.85501611  .00040728  00000+0  56015-3 0  9995
2 61784  97.2962  38.6189 0006008 304.6873  55.3816 15.57158119136734
RTU MIREA 1 (RS51S)
1 61785U 24199BC  26162.69870111  .00053679  00000+0  65001-3 0  9996
2 61785  97.2953  39.2629 0005526 297.8389  62.2308 15.60490677133619
TEVEL2-4
1 63213U 25052D   26162.70463612  .00017902  00000+0  53861-3 0  9999
2 63213  97.3917  59.0886 0004732 113.7416 246.4323 15.34420215 69273
TEVEL2-5
1 63214U 25052E   26162.65930424  .00017637  00000+0  53362-3 0  9995
2 63214  97.3921  58.9918 0004616 115.2111 244.9611 15.34247244 69264
TEVEL2-6
1 63215U 25052F   26162.67150742  .00017453  00000+0  52870-3 0  9994
2 63215  97.3921  58.9890 0004506 114.2026 245.9689 15.34210437 69266
TEVEL2-1
1 63217U 25052H   26162.69862928  .00016389  00000+0  50495-3 0  9992
2 63217  97.3892  58.6467 0004481 124.0183 236.1485 15.33685523 69253
TEVEL2-3
1 63218U 25052J   26162.69346801  .00016740  00000+0  51483-3 0  9999
2 63218  97.3895  58.6628 0004465 124.0241 236.1426 15.33739822 69250
TEVEL2-2
1 63219U 25052K   26162.63372872  .00016607  00000+0  51153-3 0  9997
2 63219  97.3892  58.5842 0004438 124.7997 235.3663 15.33691849 69249
TEVEL2-9
1 63237U 25052AD  26162.66933140  .00015595  00000+0  51070-3 0  9994
2 63237  97.3955  58.0067 0007180 145.2035 214.9678 15.31729289 69181
TEVEL2-7
1 63238U 25052AE  26162.64384617  .00015266  00000+0  50453-3 0  9991
2 63238  97.3956  57.8996 0007384 146.6025 213.5683 15.31438085 69172
TEVEL2-8
1 63239U 25052AF  26162.65204074  .00015443  00000+0  51057-3 0  9999
2 63239  97.3954  57.8849 0007385 147.5513 212.6184 15.31421974 69176
INNOSAT 16 (RS92S7)
1 64878U 25155C   26162.88544241  .00004891  00000+0  19633-3 0  9990
2 64878  97.4555 130.0301 0009903 194.2401 165.8559 15.25400660 79868
GEOSCAN 6 (RS92S6)
1 64879U 25155D   26162.88440288  .00009176  00000+0  31780-3 0  9995
2 64879  97.4547 131.4158 0007637 179.9598 180.1644 15.30052999 79953
GEOSCAN 1 (RS92S1)
1 64880U 25155E   26162.88890010  .00009509  00000+0  32334-3 0  9995
2 64880  97.4543 131.5637 0007590 179.5294 180.5955 15.30640112 79961
239ALFEROV (RS61S)
1 64881U 25155F   26162.86605965  .00013591  00000+0  43095-3 0  9999
2 64881  97.4544 132.0845 0007288 176.2410 183.8888 15.32798384 79999
GEOSCAN 2 (RS92S2)
1 64890U 25155Q   26162.88352198  .00009673  00000+0  32612-3 0  9997
2 64890  97.4541 131.7087 0007471 165.8103 194.3349 15.30911566 79971
GEOSCAN 5 (RS92S5)
1 64891U 25155R   26162.85618745  .00013382  00000+0  42026-3 0  9990
2 64891  97.4537 132.2100 0005977 179.4895 180.6355 15.33116818 80008
GEOSCAN 4 (RS92S4)
1 64892U 25155S   26162.71038505  .00013590  00000+0  42480-3 0  9991
2 64892  97.4540 132.1098 0006001 180.1188 180.0053 15.33263675 79989
GEOSCAN 3 (RS92S3)
1 64893U 25155T   26162.71815654  .00017325  00000+0  50835-3 0  9993
2 64893  97.4529 132.5317 0005913 177.8799 182.2471 15.35215068 80016
INNOSAT 3 (RS92S0)
1 64894U 25155U   26162.86745446  .00034881  00000+0  77856-3 0  9999
2 64894  97.4476 134.2371 0005600 164.2106 195.9317 15.43456589 80140
KNACKSAT-2
1 67683U 98067XZ  26162.71234265  .00046941  00000+0  58268-3 0  9992
2 67683  51.6308 322.0071 0009845 191.1847 168.8928 15.59478995 19427
ISS (ZARYA)
1 25544U 98067A   26162.83551936  .00007284  00000+0  13937-3 0  9993
2 25544  51.6334 326.5798 0004934 175.2433 184.8603 15.49179015570924
POISK
1 36086U 09060A   26162.83551936  .00007284  00000+0  13937-3 0  9991
2 36086  51.6334 326.5798 0004934 175.2433 184.8603 15.49179015571030
CSS (TIANHE)
1 48274U 21035A   26162.53781053  .00016554  00000+0  19807-3 0  9993
2 48274  41.4693 356.3768 0008209  31.5834 328.5496 15.60566891292282
ISS (NAUKA)
1 49044U 21066A   26162.83551936  .00007284  00000+0  13937-3 0  9999
2 49044  51.6334 326.5798 0004934 175.2433 184.8603 15.49179015571038
FREGAT DEB
1 49271U 11037PF  26151.14915702  .00018955  00000+0  30994-1 0  9992
2 49271  51.6227  53.0895 0914379 245.3590 104.9405 12.41880577222933
CSS (WENTIAN)
1 53239U 22085A   26162.53781054  .00016554  00000+0  19807-3 0  9997
2 53239  41.4693 356.3769 0008209  31.5834 328.5496 15.60566891288230
CSS (MENGTIAN)
1 54216U 22143A   26162.53781053  .00016554  00000+0  19807-3 0  9997
2 54216  41.4693 356.3768 0008209  31.5834 328.5496 15.60566891292847
HRC MONOBLOCK CAMERA
1 66052U 98067XR  26162.67657664  .00076082  00000+0  54095-3 0  9991
2 66052  51.6257 307.4639 0001064 239.4224 120.6670 15.73188756 37133
SZ-21 MODULE
1 66515U 25246C   26162.19643143  .00041640  00000+0  26187-3 0  9991
2 66515  41.4739 344.6241 0007105 312.3917  47.6325 15.75880017 32796
SOYUZ-MS 28
1 66664U 25275A   26162.83551936  .00007284  00000+0  13937-3 0  9992
2 66664  51.6334 326.5798 0004934 175.2433 184.8603 15.49179015571035
DUPLEX
1 66906U 98067XS  26162.67957831  .00037867  00000+0  42609-3 0  9994
2 66906  51.6279 317.2774 0003802 181.7103 178.3879 15.62186284 29797
ISS OBJECT XY
1 66912U 98067XY  26162.65435146  .00387320  69710-4  10377-2 0  9995
2 66912  51.6190 303.4567 0009010 297.6510  62.3582 15.93836830 29964
KNACKSAT-2
1 67683U 98067XZ  26162.71234265  .00046941  00000+0  58268-3 0  9992
2 67683  51.6308 322.0071 0009845 191.1847 168.8928 15.59478995 19427
CORAL
1 67684U 98067YA  26162.67906193  .00183997  00000+0  12077-2 0  9994
2 67684  51.6237 316.4946 0009150 221.7066 138.3236 15.74589360 19496
GXIBA-1
1 67685U 98067YB  26162.65605620  .00055551  00000+0  64910-3 0  9992
2 67685  51.6288 321.6279 0011055 189.2620 170.8171 15.60974393 19422
UITMSAT-2
1 67686U 98067YC  26162.67901861  .00074167  00000+0  76757-3 0  9997
2 67686  51.6278 320.2787 0006597 180.3120 179.7872 15.64020164 19443
LEOPARD
1 67687U 98067YD  26162.67987372  .00050616  00000+0  60633-3 0  9998
2 67687  51.6314 321.7991 0007129 171.3184 188.7934 15.60407815 19346
HMU-SAT2
1 67688U 98067YE  26161.64001691  .00056298  00000+0  62243-3 0  9997
2 67688  51.6298 326.1003 0006967 170.9243 189.1878 15.62444427 19198
CREW DRAGON 12
1 67796U 26031A   26162.83551936  .00007284  00000+0  13937-3 0  9990
2 67796  51.6334 326.5798 0004934 175.2433 184.8603 15.49179015571032
PROGRESS-MS 33
1 68319U 26058A   26162.83551936  .00007284  00000+0  13937-3 0  9991
2 68319  51.6334 326.5798 0004934 175.2433 184.8603 15.49179015571034
CYGNUS NG-24
1 68689U 26079A   26162.51298015  .00008593  00000+0  16294-3 0  9998
2 68689  51.6332 328.1749 0005119 173.4651 186.6405 15.49175527570981
PROGRESS-MS 34
1 68837U 26093A   26162.51298015  .00008593  00000+0  16294-3 0  9999
2 68837  51.6332 328.1749 0005119 173.4651 186.6405 15.49175527570986
TIANZHOU-10
1 69049U 26102A   26162.53781054  .00016554  00000+0  19807-3 0  9997
2 69049  41.4693 356.3769 0008209  31.5834 328.5496 15.60566891  4940
DRAGON CRS-34
1 69103U 26107A   26162.83551936  .00007284  00000+0  13937-3 0  9998
2 69103  51.6334 326.5798 0004934 175.2433 184.8603 15.49179015571036
SHENZHOU-23 (SZ-23)
1 69180U 26113A   26162.53781054  .00016554  00000+0  19807-3 0  9995
2 69180  41.4693 356.3769 0008209  31.5834 328.5496 15.60566891292574
